ncols         3244
nrows         5571
xllcorner     359071.84375
yllcorner     4538909.5
cellsize      30
NODATA_value  -9999
0 999.0 999.0 999.0 999.0 999.0 999.0 999.0 999.0 999.0 999.0 999.0 999.0 999.0 999.0 999.0 999.0 999.0 999.0 999.0 999.0 999.0 999.0 999.0 999.0 999.0 999.0 999.0 999.0 999.0 999.0 999.0 999.0 999.0 999.0 999.0 999.0 999.0 999.0
999 22.177439955396263 23.541076319032626 999.0 999.0 999.0 999.0 999.0 999.0 999.0 999.0 999.0 999.0 999.0 999.0 999.0 999.0 999.0 999.0 999.0 999.0 999.0 999.0 999.0 999.0 999.0 999.0 999.0 999.0 999.0 999.0 999.0 999.0 999.0 999.0 999.0 999.0 999.0 999.0
999 999.0 999.0 25.469549358632303 999.0 999.0 999.0 999.0 999.0 999.0 999.0 999.0 999.0 999.0 999.0 999.0 999.0 999.0 999.0 999.0 999.0 999.0 999.0 999.0 999.0 999.0 999.0 999.0 999.0 999.0 999.0 999.0 999.0 999.0 999.0 999.0 999.0 999.0 999.0
999 999.0 999.0 999.0 27.39802239823198 999.0 999.0 999.0 999.0 999.0 999.0 999.0 999.0 999.0 999.0 999.0 999.0 999.0 999.0 999.0 999.0 999.0 999.0 999.0 999.0 999.0 999.0 999.0 999.0 999.0 999.0 999.0 999.0 999.0 999.0 999.0 999.0 999.0 999.0
999 999.0 999.0 999.0 999.0 29.326495437831657 999.0 999.0 999.0 999.0 999.0 999.0 999.0 999.0 999.0 999.0 999.0 999.0 999.0 999.0 999.0 999.0 999.0 999.0 999.0 999.0 999.0 999.0 999.0 999.0 999.0 999.0 999.0 999.0 999.0 999.0 999.0 999.0 999.0
999 999.0 999.0 999.0 999.0 999.0 31.254968477431333 999.0 999.0 999.0 999.0 999.0 999.0 999.0 999.0 999.0 999.0 999.0 999.0 999.0 999.0 999.0 999.0 999.0 999.0 999.0 999.0 999.0 999.0 999.0 999.0 999.0 999.0 999.0 999.0 999.0 999.0 999.0 999.0
999 999.0 999.0 999.0 999.0 999.0 32.6186048410677 999.0 999.0 999.0 999.0 999.0 999.0 999.0 999.0 999.0 999.0 999.0 999.0 999.0 999.0 999.0 999.0 999.0 999.0 999.0 999.0 999.0 999.0 999.0 999.0 999.0 999.0 999.0 999.0 999.0 999.0 999.0 999.0
999 999.0 999.0 999.0 999.0 999.0 999.0 34.54707788066737 35.91071424430374 37.27435060794011 38.637986971576474 41.930096374812514 999.0 999.0 999.0 999.0 999.0 999.0 999.0 999.0 999.0 999.0 999.0 999.0 999.0 999.0 999.0 999.0 999.0 999.0 999.0 999.0 999.0 999.0 999.0 999.0 999.0 999.0 999.0
999 999.0 999.0 999.0 999.0 999.0 999.0 999.0 999.0 999.0 40.00162333521284 43.29373273844888 999.0 999.0 999.0 999.0 999.0 999.0 999.0 999.0 999.0 999.0 999.0 999.0 999.0 999.0 999.0 999.0 999.0 999.0 999.0 999.0 999.0 999.0 999.0 999.0 999.0 999.0 999.0
999 999.0 999.0 999.0 999.0 999.0 999.0 999.0 999.0 999.0 999.0 999.0 45.222205778048554 999.0 999.0 999.0 999.0 999.0 999.0 999.0 999.0 999.0 999.0 999.0 999.0 999.0 999.0 999.0 999.0 999.0 999.0 999.0 999.0 999.0 999.0 999.0 999.0 999.0 999.0
999 999.0 999.0 999.0 999.0 999.0 999.0 999.0 999.0 999.0 999.0 999.0 46.58584214168492 999.0 999.0 999.0 999.0 999.0 999.0 999.0 999.0 999.0 999.0 999.0 999.0 999.0 999.0 999.0 999.0 999.0 999.0 999.0 999.0 999.0 999.0 999.0 999.0 999.0 999.0
999 999.0 999.0 999.0 999.0 999.0 999.0 999.0 999.0 999.0 999.0 999.0 47.94947850532129 999.0 999.0 999.0 999.0 999.0 999.0 999.0 999.0 999.0 999.0 999.0 999.0 999.0 999.0 999.0 999.0 999.0 999.0 999.0 999.0 999.0 999.0 999.0 999.0 999.0 999.0
999 999.0 999.0 999.0 999.0 999.0 999.0 999.0 999.0 999.0 999.0 999.0 999.0 49.87795154492096 999.0 999.0 999.0 999.0 999.0 999.0 999.0 999.0 999.0 999.0 999.0 999.0 999.0 999.0 999.0 999.0 999.0 999.0 999.0 999.0 999.0 999.0 999.0 999.0 999.0
999 999.0 999.0 999.0 999.0 999.0 999.0 999.0 999.0 999.0 999.0 999.0 999.0 999.0 51.806424584520634 53.170060948157 999.0 999.0 999.0 999.0 999.0 999.0 999.0 999.0 999.0 999.0 999.0 999.0 999.0 999.0 999.0 999.0 999.0 999.0 999.0 999.0 999.0 999.0 999.0
999 999.0 999.0 999.0 999.0 999.0 999.0 999.0 999.0 999.0 999.0 999.0 999.0 999.0 999.0 999.0 55.098533987756674 999.0 999.0 999.0 999.0 999.0 999.0 999.0 999.0 999.0 999.0 999.0 999.0 999.0 999.0 999.0 999.0 999.0 999.0 999.0 999.0 999.0 999.0
999 999.0 999.0 999.0 999.0 999.0 999.0 999.0 999.0 999.0 999.0 999.0 999.0 999.0 999.0 999.0 56.46217035139304 999.0 999.0 999.0 999.0 999.0 999.0 999.0 999.0 999.0 999.0 999.0 999.0 999.0 999.0 999.0 999.0 999.0 999.0 999.0 999.0 999.0 999.0
999 999.0 999.0 999.0 999.0 999.0 999.0 999.0 999.0 999.0 999.0 999.0 999.0 999.0 999.0 58.390643390992715 999.0 62.24758947019206 999.0 999.0 999.0 999.0 999.0 999.0 999.0 999.0 999.0 999.0 999.0 999.0 999.0 999.0 999.0 999.0 999.0 999.0 999.0 999.0 999.0
999 999.0 999.0 999.0 999.0 999.0 999.0 999.0 999.0 999.0 999.0 999.0 999.0 999.0 999.0 999.0 60.31911643059239 999.0 999.0 999.0 999.0 999.0 999.0 999.0 999.0 999.0 999.0 999.0 999.0 999.0 999.0 999.0 999.0 999.0 999.0 999.0 999.0 999.0 999.0
999 999.0 999.0 999.0 999.0 999.0 999.0 999.0 999.0 999.0 999.0 999.0 999.0 999.0 999.0 999.0 999.0 62.24758947019206 999.0 999.0 999.0 999.0 999.0 999.0 999.0 999.0 999.0 999.0 999.0 999.0 999.0 999.0 999.0 999.0 999.0 999.0 999.0 999.0 999.0
999 999.0 999.0 999.0 999.0 999.0 999.0 999.0 999.0 999.0 999.0 999.0 999.0 999.0 999.0 999.0 999.0 999.0 64.17606250979173 999.0 999.0 999.0 999.0 999.0 999.0 999.0 999.0 999.0 999.0 999.0 999.0 999.0 999.0 999.0 999.0 999.0 999.0 999.0 999.0
999 999.0 999.0 999.0 999.0 999.0 999.0 999.0 999.0 999.0 999.0 999.0 999.0 999.0 999.0 999.0 999.0 999.0 999.0 66.10453554939141 999.0 999.0 999.0 999.0 999.0 999.0 999.0 999.0 999.0 999.0 999.0 999.0 999.0 999.0 999.0 999.0 999.0 999.0 999.0
999 999.0 999.0 999.0 999.0 999.0 999.0 999.0 999.0 999.0 999.0 999.0 999.0 999.0 999.0 999.0 999.0 999.0 999.0 67.46817191302777 999.0 999.0 999.0 999.0 999.0 999.0 999.0 999.0 999.0 999.0 999.0 999.0 999.0 999.0 999.0 999.0 999.0 999.0 999.0
999 999.0 999.0 999.0 999.0 999.0 999.0 999.0 999.0 999.0 999.0 999.0 999.0 999.0 999.0 999.0 999.0 999.0 999.0 999.0 69.39664495262745 999.0 999.0 999.0 999.0 999.0 999.0 999.0 999.0 999.0 999.0 999.0 999.0 999.0 999.0 999.0 999.0 999.0 999.0
999 999.0 999.0 999.0 999.0 999.0 999.0 999.0 999.0 999.0 999.0 999.0 999.0 999.0 999.0 999.0 999.0 999.0 999.0 999.0 999.0 71.32511799222713 999.0 999.0 999.0 999.0 999.0 999.0 999.0 999.0 999.0 999.0 999.0 999.0 999.0 999.0 999.0 999.0 999.0
999 999.0 999.0 999.0 999.0 999.0 999.0 999.0 999.0 999.0 999.0 999.0 999.0 999.0 999.0 999.0 999.0 999.0 999.0 999.0 999.0 999.0 73.25359103182682 999.0 999.0 999.0 999.0 999.0 999.0 999.0 999.0 999.0 999.0 999.0 999.0 999.0 999.0 999.0 999.0
999 999.0 999.0 999.0 999.0 999.0 999.0 999.0 999.0 999.0 999.0 999.0 999.0 999.0 999.0 999.0 999.0 999.0 999.0 999.0 999.0 999.0 74.61722739546317 75.98086375909953 79.27297316233557 999.0 999.0 999.0 999.0 999.0 999.0 999.0 999.0 999.0 999.0 999.0 999.0 999.0 999.0
999 999.0 999.0 999.0 999.0 999.0 999.0 999.0 999.0 999.0 999.0 999.0 999.0 999.0 999.0 999.0 999.0 999.0 999.0 999.0 999.0 999.0 999.0 77.3445001227359 999.0 81.20144620193525 999.0 85.05839228113462 999.0 999.0 999.0 999.0 999.0 999.0 999.0 999.0 999.0 999.0 999.0
999 999.0 999.0 999.0 999.0 999.0 999.0 999.0 999.0 999.0 999.0 999.0 999.0 999.0 999.0 999.0 999.0 999.0 999.0 999.0 999.0 999.0 999.0 999.0 999.0 999.0 83.12991924153494 86.42202864477098 87.78566500840734 89.1493013720437 999.0 999.0 999.0 999.0 999.0 999.0 999.0 999.0 999.0
999 999.0 999.0 999.0 999.0 999.0 999.0 999.0 999.0 999.0 999.0 999.0 999.0 999.0 999.0 999.0 999.0 999.0 999.0 999.0 999.0 999.0 999.0 999.0 999.0 999.0 999.0 999.0 91.07777441164338 999.0 999.0 999.0 999.0 999.0 999.0 999.0 999.0 999.0 999.0
999 999.0 999.0 999.0 999.0 999.0 999.0 999.0 999.0 999.0 999.0 999.0 999.0 999.0 999.0 999.0 999.0 999.0 999.0 999.0 999.0 999.0 999.0 999.0 999.0 999.0 999.0 999.0 92.44141077527973 999.0 999.0 999.0 999.0 999.0 999.0 999.0 999.0 999.0 999.0
999 999.0 999.0 999.0 999.0 999.0 999.0 999.0 999.0 999.0 999.0 999.0 999.0 999.0 999.0 999.0 999.0 999.0 999.0 999.0 999.0 999.0 999.0 999.0 999.0 999.0 999.0 999.0 999.0 94.36988381487942 999.0 999.0 999.0 999.0 999.0 999.0 999.0 999.0 999.0
999 999.0 999.0 999.0 999.0 999.0 999.0 999.0 999.0 999.0 999.0 999.0 999.0 999.0 999.0 999.0 999.0 999.0 999.0 999.0 999.0 999.0 999.0 999.0 999.0 999.0 999.0 999.0 96.2983568544791 999.0 999.0 999.0 999.0 999.0 999.0 999.0 999.0 999.0 999.0
999 999.0 999.0 999.0 999.0 999.0 999.0 999.0 999.0 999.0 999.0 999.0 999.0 999.0 999.0 999.0 999.0 999.0 999.0 999.0 999.0 999.0 999.0 999.0 999.0 999.0 999.0 999.0 999.0 98.22682989407878 999.0 999.0 999.0 999.0 999.0 999.0 999.0 999.0 999.0
999 999.0 999.0 999.0 999.0 999.0 999.0 999.0 999.0 999.0 999.0 999.0 999.0 999.0 999.0 999.0 999.0 999.0 999.0 999.0 999.0 999.0 999.0 999.0 999.0 999.0 999.0 999.0 999.0 999.0 100.15530293367846 999.0 999.0 999.0 999.0 999.0 999.0 999.0 999.0
999 999.0 999.0 999.0 999.0 999.0 999.0 999.0 999.0 999.0 999.0 999.0 999.0 999.0 999.0 999.0 999.0 999.0 999.0 999.0 999.0 999.0 999.0 999.0 999.0 999.0 999.0 999.0 999.0 999.0 999.0 102.08377597327814 103.4474123369145 999.0 999.0 999.0 999.0 999.0 999.0
999 999.0 999.0 999.0 999.0 999.0 999.0 999.0 999.0 999.0 999.0 999.0 999.0 999.0 999.0 999.0 999.0 999.0 999.0 999.0 999.0 999.0 999.0 999.0 999.0 999.0 999.0 999.0 999.0 999.0 999.0 999.0 999.0 105.37588537651418 999.0 999.0 999.0 999.0 999.0
999 999.0 999.0 999.0 999.0 999.0 999.0 999.0 999.0 999.0 999.0 999.0 999.0 999.0 999.0 999.0 999.0 999.0 999.0 999.0 999.0 999.0 999.0 999.0 999.0 999.0 999.0 999.0 999.0 999.0 999.0 999.0 999.0 999.0 107.30435841611386 999.0 999.0 999.0 999.0
999 999.0 999.0 999.0 999.0 999.0 999.0 999.0 999.0 999.0 999.0 999.0 999.0 999.0 999.0 999.0 999.0 999.0 999.0 999.0 999.0 999.0 999.0 999.0 999.0 999.0 999.0 999.0 999.0 999.0 999.0 999.0 999.0 999.0 999.0 109.23283145571354 999.0 999.0 999.0
999 999.0 999.0 999.0 999.0 999.0 999.0 999.0 999.0 999.0 999.0 999.0 999.0 999.0 999.0 999.0 999.0 999.0 999.0 999.0 999.0 999.0 999.0 999.0 999.0 999.0 999.0 999.0 999.0 999.0 999.0 999.0 999.0 999.0 999.0 999.0 111.16130449531322 112.52494085894958 113.88857722258594
999 999.0 999.0 999.0 999.0 999.0 999.0 999.0 999.0 999.0 999.0 999.0 999.0 999.0 999.0 999.0 999.0 999.0 999.0 999.0 999.0 999.0 999.0 999.0 999.0 999.0 999.0 999.0 999.0 999.0 999.0 999.0 999.0 999.0 999.0 999.0 999.0 999.0 115.2522135862223
999 999.0 999.0 999.0 999.0 999.0 999.0 999.0 999.0 999.0 999.0 999.0 999.0 999.0 999.0 999.0 999.0 999.0 999.0 999.0 999.0 999.0 999.0 999.0 999.0 999.0 999.0 999.0 999.0 999.0 999.0 999.0 999.0 999.0 999.0 999.0 999.0 117.18068662582198 999.0
999 999.0 999.0 999.0 999.0 999.0 999.0 999.0 999.0 999.0 999.0 999.0 999.0 999.0 999.0 999.0 999.0 999.0 999.0 999.0 999.0 999.0 999.0 999.0 999.0 999.0 999.0 999.0 999.0 999.0 999.0 999.0 999.0 999.0 999.0 999.0 999.0 999.0 119.10915966542166
999 999.0 999.0 999.0 999.0 999.0 999.0 999.0 999.0 999.0 999.0 999.0 999.0 999.0 999.0 999.0 999.0 999.0 999.0 999.0 999.0 999.0 999.0 999.0 999.0 999.0 999.0 999.0 999.0 999.0 999.0 999.0 999.0 999.0 999.0 999.0 999.0 999.0 120.47279602905802
999 999.0 999.0 999.0 999.0 999.0 999.0 999.0 999.0 999.0 999.0 999.0 999.0 999.0 999.0 999.0 999.0 999.0 999.0 999.0 999.0 999.0 999.0 999.0 999.0 999.0 999.0 999.0 999.0 999.0 999.0 999.0 999.0 999.0 999.0 999.0 999.0 999.0 999.0
999 999.0 999.0 999.0 999.0 999.0 999.0 999.0 999.0 999.0 999.0 999.0 999.0 999.0 999.0 999.0 999.0 999.0 999.0 999.0 999.0 999.0 999.0 999.0 999.0 999.0 999.0 999.0 999.0 999.0 999.0 999.0 999.0 999.0 999.0 999.0 999.0 999.0 999.0
999 999.0 999.0 999.0 999.0 999.0 999.0 999.0 999.0 999.0 999.0 999.0 999.0 999.0 999.0 999.0 999.0 999.0 999.0 999.0 999.0 999.0 999.0 999.0 999.0 999.0 999.0 999.0 999.0 999.0 999.0 999.0 999.0 999.0 999.0 999.0 999.0 999.0 999.0
999 999.0 999.0 999.0 999.0 999.0 999.0 999.0 999.0 999.0 999.0 999.0 999.0 999.0 999.0 999.0 999.0 999.0 999.0 999.0 999.0 999.0 999.0 999.0 999.0 999.0 999.0 999.0 999.0 999.0 999.0 999.0 999.0 999.0 999.0 999.0 999.0 999.0 999.0
999 999.0 999.0 999.0 999.0 999.0 999.0 999.0 999.0 999.0 999.0 999.0 999.0 999.0 999.0 999.0 999.0 999.0 999.0 999.0 999.0 999.0 999.0 999.0 999.0 999.0 999.0 999.0 999.0 999.0 999.0 999.0 999.0 999.0 999.0 999.0 999.0 999.0 999.0
999 999.0 999.0 999.0 999.0 999.0 999.0 999.0 999.0 999.0 999.0 999.0 999.0 999.0 999.0 999.0 999.0 999.0 999.0 999.0 999.0 999.0 999.0 999.0 999.0 999.0 999.0 999.0 999.0 999.0 999.0 999.0 999.0 999.0 999.0 999.0 999.0 999.0 999.0
999 999.0 999.0 999.0 999.0 999.0 999.0 999.0 999.0 999.0 999.0 999.0 999.0 999.0 999.0 999.0 999.0 999.0 999.0 999.0 999.0 999.0 999.0 999.0 999.0 999.0 999.0 999.0 999.0 999.0 999.0 999.0 999.0 999.0 999.0 999.0 999.0 999.0 999.0
999 999.0 999.0 999.0 999.0 999.0 999.0 999.0 999.0 999.0 999.0 999.0 999.0 999.0 999.0 999.0 999.0 999.0 999.0 999.0 999.0 999.0 999.0 999.0 999.0 999.0 999.0 999.0 999.0 999.0 999.0 999.0 999.0 999.0 999.0 999.0 999.0 999.0 999.0
999 999.0 999.0 999.0 999.0 999.0 999.0 999.0 999.0 999.0 999.0 999.0 999.0 999.0 999.0 999.0 999.0 999.0 999.0 999.0 999.0 999.0 999.0 999.0 999.0 999.0 999.0 999.0 999.0 999.0 999.0 999.0 999.0 999.0 999.0 999.0 999.0 999.0 999.0
999 999.0 999.0 999.0 999.0 999.0 999.0 999.0 999.0 999.0 999.0 999.0 999.0 999.0 999.0 999.0 999.0 999.0 999.0 999.0 999.0 999.0 999.0 999.0 999.0 999.0 999.0 999.0 999.0 999.0 999.0 999.0 999.0 999.0 999.0 999.0 999.0 999.0 999.0
999 999.0 999.0 999.0 999.0 999.0 999.0 999.0 999.0 999.0 999.0 999.0 999.0 999.0 999.0 999.0 999.0 999.0 999.0 999.0 999.0 999.0 999.0 999.0 999.0 999.0 999.0 999.0 999.0 999.0 999.0 999.0 999.0 999.0 999.0 999.0 999.0 999.0 999.0
999 999.0 999.0 999.0 999.0 999.0 999.0 999.0 999.0 999.0 999.0 999.0 999.0 999.0 999.0 999.0 999.0 999.0 999.0 999.0 999.0 999.0 999.0 999.0 999.0 999.0 999.0 999.0 999.0 999.0 999.0 999.0 999.0 999.0 999.0 999.0 999.0 999.0 999.0
999 999.0 999.0 999.0 999.0 999.0 999.0 999.0 999.0 999.0 999.0 999.0 999.0 999.0 999.0 999.0 999.0 999.0 999.0 999.0 999.0 999.0 999.0 999.0 999.0 999.0 999.0 999.0 999.0 999.0 999.0 999.0 999.0 999.0 999.0 999.0 999.0 999.0 999.0
999 999.0 999.0 999.0 999.0 999.0 999.0 999.0 999.0 999.0 999.0 999.0 999.0 999.0 999.0 999.0 999.0 999.0 999.0 999.0 999.0 999.0 999.0 999.0 999.0 999.0 999.0 999.0 999.0 999.0 999.0 999.0 999.0 999.0 999.0 999.0 999.0 999.0 999.0
999 999.0 999.0 999.0 999.0 999.0 999.0 999.0 999.0 999.0 999.0 999.0 999.0 999.0 999.0 999.0 999.0 999.0 999.0 999.0 999.0 999.0 999.0 999.0 999.0 999.0 999.0 999.0 999.0 999.0 999.0 999.0 999.0 999.0 999.0 999.0 999.0 999.0 999.0
999 999.0 999.0 999.0 999.0 999.0 999.0 999.0 999.0 999.0 999.0 999.0 999.0 999.0 999.0 999.0 999.0 999.0 999.0 999.0 999.0 999.0 999.0 999.0 999.0 999.0 999.0 999.0 999.0 999.0 999.0 999.0 999.0 999.0 999.0 999.0 999.0 999.0 999.0
999 999.0 999.0 999.0 999.0 999.0 999.0 999.0 999.0 999.0 999.0 999.0 999.0 999.0 999.0 999.0 999.0 999.0 999.0 999.0 999.0 999.0 999.0 999.0 999.0 999.0 999.0 999.0 999.0 999.0 999.0 999.0 999.0 999.0 999.0 999.0 999.0 999.0 999.0
999 999.0 999.0 999.0 999.0 999.0 999.0 999.0 999.0 999.0 999.0 999.0 999.0 999.0 999.0 999.0 999.0 999.0 999.0 999.0 999.0 999.0 999.0 999.0 999.0 999.0 999.0 999.0 999.0 999.0 999.0 999.0 999.0 999.0 999.0 999.0 999.0 999.0 999.0
999 999.0 999.0 999.0 999.0 999.0 999.0 999.0 999.0 999.0 999.0 999.0 999.0 999.0 999.0 999.0 999.0 999.0 999.0 999.0 999.0 999.0 999.0 999.0 999.0 999.0 999.0 999.0 999.0 999.0 999.0 999.0 999.0 999.0 999.0 999.0 999.0 999.0 999.0
999 999.0 999.0 999.0 999.0 999.0 999.0 999.0 999.0 999.0 999.0 999.0 999.0 999.0 999.0 999.0 999.0 999.0 999.0 999.0 999.0 999.0 999.0 999.0 999.0 999.0 999.0 999.0 999.0 999.0 999.0 999.0 999.0 999.0 999.0 999.0 999.0 999.0 999.0
999 999.0 999.0 999.0 999.0 999.0 999.0 999.0 999.0 999.0 999.0 999.0 999.0 999.0 999.0 999.0 999.0 999.0 999.0 999.0 999.0 999.0 999.0 999.0 999.0 999.0 999.0 999.0 999.0 999.0 999.0 999.0 999.0 999.0 999.0 999.0 999.0 999.0 999.0
999 999.0 999.0 999.0 999.0 999.0 999.0 999.0 999.0 999.0 999.0 999.0 999.0 999.0 999.0 999.0 999.0 999.0 999.0 999.0 999.0 999.0 999.0 999.0 999.0 999.0 999.0 999.0 999.0 999.0 999.0 999.0 999.0 999.0 999.0 999.0 999.0 999.0 999.0
999 999.0 999.0 999.0 999.0 999.0 999.0 999.0 999.0 999.0 999.0 999.0 999.0 999.0 999.0 999.0 999.0 999.0 999.0 999.0 999.0 999.0 999.0 999.0 999.0 999.0 999.0 999.0 999.0 999.0 999.0 999.0 999.0 999.0 999.0 999.0 999.0 999.0 999.0
999 999.0 999.0 999.0 999.0 999.0 999.0 999.0 999.0 999.0 999.0 999.0 999.0 999.0 999.0 999.0 999.0 999.0 999.0 999.0 999.0 999.0 999.0 999.0 999.0 999.0 999.0 999.0 999.0 999.0 999.0 999.0 999.0 999.0 999.0 999.0 999.0 999.0 999.0
999 999.0 999.0 999.0 999.0 999.0 999.0 999.0 999.0 999.0 999.0 999.0 999.0 999.0 999.0 999.0 999.0 999.0 999.0 999.0 999.0 999.0 999.0 999.0 999.0 999.0 999.0 999.0 999.0 999.0 999.0 999.0 999.0 999.0 999.0 999.0 999.0 999.0 999.0
999 999.0 999.0 999.0 999.0 999.0 999.0 999.0 999.0 999.0 999.0 999.0 999.0 999.0 999.0 999.0 999.0 999.0 999.0 999.0 999.0 999.0 999.0 999.0 999.0 999.0 999.0 999.0 999.0 999.0 999.0 999.0 999.0 999.0 999.0 999.0 999.0 999.0 999.0
999 999.0 999.0 999.0 999.0 999.0 999.0 999.0 999.0 999.0 999.0 999.0 999.0 999.0 999.0 999.0 999.0 999.0 999.0 999.0 999.0 999.0 999.0 999.0 999.0 999.0 999.0 999.0 999.0 999.0 999.0 999.0 999.0 999.0 999.0 999.0 999.0 999.0 999.0
999 999.0 999.0 999.0 999.0 999.0 999.0 999.0 999.0 999.0 999.0 999.0 999.0 999.0 999.0 999.0 999.0 999.0 999.0 999.0 999.0 999.0 999.0 999.0 999.0 999.0 999.0 999.0 999.0 999.0 999.0 999.0 999.0 999.0 999.0 999.0 999.0 999.0 999.0
999 999.0 999.0 999.0 999.0 999.0 999.0 999.0 999.0 999.0 999.0 999.0 999.0 999.0 999.0 999.0 999.0 999.0 999.0 999.0 999.0 999.0 999.0 999.0 999.0 999.0 999.0 999.0 999.0 999.0 999.0 999.0 999.0 999.0 999.0 999.0 999.0 999.0 999.0
999 999.0 999.0 999.0 999.0 999.0 999.0 999.0 999.0 999.0 999.0 999.0 999.0 999.0 999.0 999.0 999.0 999.0 999.0 999.0 999.0 999.0 999.0 999.0 999.0 999.0 999.0 999.0 999.0 999.0 999.0 999.0 999.0 999.0 999.0 999.0 999.0 999.0 999.0
999 999.0 999.0 999.0 999.0 999.0 999.0 999.0 999.0 999.0 999.0 999.0 999.0 999.0 999.0 999.0 999.0 999.0 999.0 999.0 999.0 999.0 999.0 999.0 999.0 999.0 999.0 999.0 999.0 999.0 999.0 999.0 999.0 999.0 999.0 999.0 999.0 999.0 999.0
999 999.0 999.0 999.0 999.0 999.0 999.0 999.0 999.0 999.0 999.0 999.0 999.0 999.0 999.0 999.0 999.0 999.0 999.0 999.0 999.0 999.0 999.0 999.0 999.0 999.0 999.0 999.0 999.0 999.0 999.0 999.0 999.0 999.0 999.0 999.0 999.0 999.0 999.0
999 999.0 999.0 999.0 999.0 999.0 999.0 999.0 999.0 999.0 999.0 999.0 999.0 999.0 999.0 999.0 999.0 999.0 999.0 999.0 999.0 999.0 999.0 999.0 999.0 999.0 999.0 999.0 999.0 999.0 999.0 999.0 999.0 999.0 999.0 999.0 999.0 999.0 999.0
999 999.0 999.0 999.0 999.0 999.0 999.0 999.0 999.0 999.0 999.0 999.0 999.0 999.0 999.0 999.0 999.0 999.0 999.0 999.0 999.0 999.0 999.0 999.0 999.0 999.0 999.0 999.0 999.0 999.0 999.0 999.0 999.0 999.0 999.0 999.0 999.0 999.0 999.0
999 999.0 999.0 999.0 999.0 999.0 999.0 999.0 999.0 999.0 999.0 999.0 999.0 999.0 999.0 999.0 999.0 999.0 999.0 999.0 999.0 999.0 999.0 999.0 999.0 999.0 999.0 999.0 999.0 999.0 999.0 999.0 999.0 999.0 999.0 999.0 999.0 999.0 999.0
999 999.0 999.0 999.0 999.0 999.0 999.0 999.0 999.0 999.0 999.0 999.0 999.0 999.0 999.0 999.0 999.0 999.0 999.0 999.0 999.0 999.0 999.0 999.0 999.0 999.0 999.0 999.0 999.0 999.0 999.0 999.0 999.0 999.0 999.0 999.0 999.0 999.0 999.0
999 999.0 999.0 999.0 999.0 999.0 999.0 999.0 999.0 999.0 999.0 999.0 999.0 999.0 999.0 999.0 999.0 999.0 999.0 999.0 999.0 999.0 999.0 999.0 999.0 999.0 999.0 999.0 999.0 999.0 999.0 999.0 999.0 999.0 999.0 999.0 999.0 999.0 999.0
999 999.0 999.0 999.0 999.0 999.0 999.0 999.0 999.0 999.0 999.0 999.0 999.0 999.0 999.0 999.0 999.0 999.0 999.0 999.0 999.0 999.0 999.0 999.0 999.0 999.0 999.0 999.0 999.0 999.0 999.0 999.0 999.0 999.0 999.0 999.0 999.0 999.0 999.0
999 999.0 999.0 999.0 999.0 999.0 999.0 999.0 999.0 999.0 999.0 999.0 999.0 999.0 999.0 999.0 999.0 999.0 999.0 999.0 999.0 999.0 999.0 999.0 999.0 999.0 999.0 999.0 999.0 999.0 999.0 999.0 999.0 999.0 999.0 999.0 999.0 999.0 999.0
999 999.0 999.0 999.0 999.0 999.0 999.0 999.0 999.0 999.0 999.0 999.0 999.0 999.0 999.0 999.0 999.0 999.0 999.0 999.0 999.0 999.0 999.0 999.0 999.0 999.0 999.0 999.0 999.0 999.0 999.0 999.0 999.0 999.0 999.0 999.0 999.0 999.0 999.0
999 999.0 999.0 999.0 999.0 999.0 999.0 999.0 999.0 999.0 999.0 999.0 999.0 999.0 999.0 999.0 999.0 999.0 999.0 999.0 999.0 999.0 999.0 999.0 999.0 999.0 999.0 999.0 999.0 999.0 999.0 999.0 999.0 999.0 999.0 999.0 999.0 999.0 999.0
999 999.0 999.0 999.0 999.0 999.0 999.0 999.0 999.0 999.0 999.0 999.0 999.0 999.0 999.0 999.0 999.0 999.0 999.0 999.0 999.0 999.0 999.0 999.0 999.0 999.0 999.0 999.0 999.0 999.0 999.0 999.0 999.0 999.0 999.0 999.0 999.0 999.0 999.0
999 999.0 999.0 999.0 999.0 999.0 999.0 999.0 999.0 999.0 999.0 999.0 999.0 999.0 999.0 999.0 999.0 999.0 999.0 999.0 999.0 999.0 999.0 999.0 999.0 999.0 999.0 999.0 999.0 999.0 999.0 999.0 999.0 999.0 999.0 999.0 999.0 999.0 999.0
999 999.0 999.0 999.0 999.0 999.0 999.0 999.0 999.0 999.0 999.0 999.0 999.0 999.0 999.0 999.0 999.0 999.0 999.0 999.0 999.0 999.0 999.0 999.0 999.0 999.0 999.0 999.0 999.0 999.0 999.0 999.0 999.0 999.0 999.0 999.0 999.0 999.0 999.0
999 999.0 999.0 999.0 999.0 999.0 999.0 999.0 999.0 999.0 999.0 999.0 999.0 999.0 999.0 999.0 999.0 999.0 999.0 999.0 999.0 999.0 999.0 999.0 999.0 999.0 999.0 999.0 999.0 999.0 999.0 999.0 999.0 999.0 999.0 999.0 999.0 999.0 999.0
999 999.0 999.0 999.0 999.0 999.0 999.0 999.0 999.0 999.0 999.0 999.0 999.0 999.0 999.0 999.0 999.0 999.0 999.0 999.0 999.0 999.0 999.0 999.0 999.0 999.0 999.0 999.0 999.0 999.0 999.0 999.0 999.0 999.0 999.0 999.0 999.0 999.0 999.0
999 999.0 999.0 999.0 999.0 999.0 999.0 999.0 999.0 999.0 999.0 999.0 999.0 999.0 999.0 999.0 999.0 999.0 999.0 999.0 999.0 999.0 999.0 999.0 999.0 999.0 999.0 999.0 999.0 999.0 999.0 999.0 999.0 999.0 999.0 999.0 999.0 999.0 999.0
999 999.0 999.0 999.0 999.0 999.0 999.0 999.0 999.0 999.0 999.0 999.0 999.0 999.0 999.0 999.0 999.0 999.0 999.0 999.0 999.0 999.0 999.0 999.0 999.0 999.0 999.0 999.0 999.0 999.0 999.0 999.0 999.0 999.0 999.0 999.0 999.0 999.0 999.0
999 999.0 999.0 999.0 999.0 999.0 999.0 999.0 999.0 999.0 999.0 999.0 999.0 999.0 999.0 999.0 999.0 999.0 999.0 999.0 999.0 999.0 999.0 999.0 999.0 999.0 999.0 999.0 999.0 999.0 999.0 999.0 999.0 999.0 999.0 999.0 999.0 999.0 999.0
999 999.0 999.0 999.0 999.0 999.0 999.0 999.0 999.0 999.0 999.0 999.0 999.0 999.0 999.0 999.0 999.0 999.0 999.0 999.0 999.0 999.0 999.0 999.0 999.0 999.0 999.0 999.0 999.0 999.0 999.0 999.0 999.0 999.0 999.0 999.0 999.0 999.0 999.0
999 999.0 999.0 999.0 999.0 999.0 999.0 999.0 999.0 999.0 999.0 999.0 999.0 999.0 999.0 999.0 999.0 999.0 999.0 999.0 999.0 999.0 999.0 999.0 999.0 999.0 999.0 999.0 999.0 999.0 999.0 999.0 999.0 999.0 999.0 999.0 999.0 999.0 999.0
999 999.0 999.0 999.0 999.0 999.0 999.0 999.0 999.0 999.0 999.0 999.0 999.0 999.0 999.0 999.0 999.0 999.0 999.0 999.0 999.0 999.0 999.0 999.0 999.0 999.0 999.0 999.0 999.0 999.0 999.0 999.0 999.0 999.0 999.0 999.0 999.0 999.0 999.0
999 999.0 999.0 999.0 999.0 999.0 999.0 999.0 999.0 999.0 999.0 999.0 999.0 999.0 999.0 999.0 999.0 999.0 999.0 999.0 999.0 999.0 999.0 999.0 999.0 999.0 999.0 999.0 999.0 999.0 999.0 999.0 999.0 999.0 999.0 999.0 999.0 999.0 999.0
999 999.0 999.0 999.0 999.0 999.0 999.0 999.0 999.0 999.0 999.0 999.0 999.0 999.0 999.0 999.0 999.0 999.0 999.0 999.0 999.0 999.0 999.0 999.0 999.0 999.0 999.0 999.0 999.0 999.0 999.0 999.0 999.0 999.0 999.0 999.0 999.0 999.0 999.0
999 999.0 999.0 999.0 999.0 999.0 999.0 999.0 999.0 999.0 999.0 999.0 999.0 999.0 999.0 999.0 999.0 999.0 999.0 999.0 999.0 999.0 999.0 999.0 999.0 999.0 999.0 999.0 999.0 999.0 999.0 999.0 999.0 999.0 999.0 999.0 999.0 999.0 999.0
999 999.0 999.0 999.0 999.0 999.0 999.0 999.0 999.0 999.0 999.0 999.0 999.0 999.0 999.0 999.0 999.0 999.0 999.0 999.0 999.0 999.0 999.0 999.0 999.0 999.0 999.0 999.0 999.0 999.0 999.0 999.0 999.0 999.0 999.0 999.0 999.0 999.0 999.0
999 999.0 999.0 999.0 999.0 999.0 999.0 999.0 999.0 999.0 999.0 999.0 999.0 999.0 999.0 999.0 999.0 999.0 999.0 999.0 999.0 999.0 999.0 999.0 999.0 999.0 999.0 999.0 999.0 999.0 999.0 999.0 999.0 999.0 999.0 999.0 999.0 999.0 999.0
